test:
a1 hd95: tensor(10.4634)
val:
a1 hd95: tensor(18.2135)
['101', '102_R1', '102_R2', '103', '201', '203', '301', '302']
val_test1: (46, 256, 256, 3)
val_test2: (18, 256, 256, 3)
test_test1: (27, 256, 256, 3)
test_test2: (14, 256, 256, 3)
201_a1: tensor([[ 7.0000],
        [ 2.1888],
        [ 2.2361],
        [ 2.2361],
        [ 1.4142],
        [ 3.1623],
        [ 1.4142],
        [ 2.2361],
        [ 2.0000],
        [ 2.2361],
        [ 2.2361],
        [11.3885],
        [11.0000],
        [13.5571],
        [12.0416],
        [ 4.2426],
        [13.8323],
        [15.4901],
        [ 2.2361],
        [ 8.6023],
        [ 8.9721],
        [11.1172],
        [31.2929],
        [38.0132],
        [22.9923],
        [20.8439],
        [53.0000]])
201 overall:
a1 hd95: tensor(11.3697)
203_a1: tensor([[ 1.0000],
        [ 1.0000],
        [ 1.0000],
        [ 1.0000],
        [ 1.0000],
        [ 2.0000],
        [ 8.0000],
        [ 3.6056],
        [ 2.0000],
        [13.3417],
        [ 2.2361],
        [ 5.9915],
        [23.8411],
        [56.0000]])
203 overall:
a1 hd95: tensor(8.7154)
103_a1: tensor([[22.0817],
        [ 2.0000],
        [ 1.4142],
        [ 2.0000],
        [ 9.9924],
        [10.3313],
        [ 2.2361],
        [ 2.2361],
        [ 4.0000],
        [ 2.0000],
        [ 2.0000],
        [ 2.0000],
        [37.6054],
        [37.0000],
        [32.9871],
        [38.2599],
        [40.0350],
        [45.0000],
        [44.0023],
        [41.4214],
        [40.0000],
        [34.0000],
        [34.0000],
        [35.9367],
        [39.8121],
        [40.0025],
        [36.1213],
        [37.1873],
        [29.0611],
        [25.0000],
        [30.0108],
        [24.0000],
        [18.0000],
        [16.7986],
        [17.0000],
        [19.0000],
        [ 9.8489],
        [29.7674],
        [20.7411],
        [16.0000],
        [ 2.2361],
        [ 1.4142],
        [ 9.0000],
        [26.4679],
        [15.1389],
        [ 0.0000]])
103 overall:
a1 hd95: tensor(21.4163)
301_a1: tensor([[ 2.2361],
        [ 2.0000],
        [ 1.4142],
        [ 1.4142],
        [ 1.4142],
        [ 2.2361],
        [ 2.0000],
        [ 2.0000],
        [ 2.2361],
        [ 3.0000],
        [ 9.2195],
        [20.4443],
        [ 1.0000],
        [94.0000],
        [ 0.0000],
        [35.9000],
        [ 0.0000],
        [ 0.0000]])
301 overall:
a1 hd95: tensor(10.0286)
