test:
a2 hd95: tensor(15.3412)
val:
a2 hd95: tensor(26.5318)
['101', '102_R1', '102_R2', '103', '201', '203', '301', '302']
val_test1: (46, 256, 256, 3)
val_test2: (18, 256, 256, 3)
test_test1: (27, 256, 256, 3)
test_test2: (14, 256, 256, 3)
201_a2: tensor([[ 6.4031],
        [ 7.2111],
        [ 6.7082],
        [ 3.6056],
        [ 6.6777],
        [ 9.8489],
        [ 7.2422],
        [ 9.2195],
        [ 7.6158],
        [ 8.9580],
        [ 9.5049],
        [10.7493],
        [12.3854],
        [ 3.8126],
        [10.6301],
        [13.4425],
        [12.0789],
        [19.6990],
        [ 4.0000],
        [17.9161],
        [ 9.8995],
        [16.9706],
        [39.0894],
        [25.1883],
        [30.4161],
        [39.0000],
        [52.0000]])
201 overall:
a2 hd95: tensor(14.8249)
203_a2: tensor([[15.0000],
        [14.0000],
        [11.0454],
        [13.0000],
        [ 5.7265],
        [ 8.9443],
        [10.0000],
        [12.2266],
        [10.0573],
        [ 7.6158],
        [11.1803],
        [ 7.0000],
        [46.9191],
        [56.0000]])
203 overall:
a2 hd95: tensor(16.3368)
103_a2: tensor([[13.0000],
        [ 7.0000],
        [14.0000],
        [10.0000],
        [19.2354],
        [12.0312],
        [ 5.0000],
        [ 4.1291],
        [ 3.0000],
        [ 4.0000],
        [ 2.8284],
        [ 4.0000],
        [45.3500],
        [47.0000],
        [50.2312],
        [51.1175],
        [50.8068],
        [52.1479],
        [51.7724],
        [51.0000],
        [47.0000],
        [49.0000],
        [48.0000],
        [47.2271],
        [51.0000],
        [50.0000],
        [45.2769],
        [41.1697],
        [42.7516],
        [34.0044],
        [40.3917],
        [33.0000],
        [27.3686],
        [20.0960],
        [23.0000],
        [22.2429],
        [15.0830],
        [48.0812],
        [16.4458],
        [ 7.8102],
        [41.7253],
        [23.7697],
        [50.4876],
        [53.4846],
        [18.4441],
        [ 0.0000]])
103 overall:
a2 hd95: tensor(30.3154)
301_a2: tensor([[ 4.2426],
        [ 8.0623],
        [10.6301],
        [12.5300],
        [ 8.9443],
        [ 5.0000],
        [10.2758],
        [ 7.6352],
        [ 7.6936],
        [10.0000],
        [12.1076],
        [94.0000],
        [88.0000],
        [12.4052],
        [11.9985],
        [ 0.0000],
        [ 0.0000],
        [ 0.0000]])
301 overall:
a2 hd95: tensor(16.8625)

