13.0
7.0
14.0
10.0
19.235383987426758
12.031195640563965
5.0
4.129073619842529
3.0
4.0
2.8284270763397217
4.0
45.3499755859375
47.0
50.23118591308594
51.117469787597656
50.80681228637695
52.14785385131836
51.77238464355469
51.0
47.0
49.0
48.0
47.22708511352539
51.0
50.0
45.27692413330078
41.169715881347656
42.75160598754883
34.00440979003906
40.39173126220703
33.0
27.3686466217041
20.09600830078125
23.0
22.24287223815918
15.08302116394043
48.08116912841797
16.445838928222656
7.8102498054504395
41.72529220581055
23.76972770690918
50.48762130737305
53.48457717895508
18.444114685058594
0.0
