22.08165168762207
2.0
1.4142135381698608
2.0
9.992435455322266
10.331268310546875
2.2360680103302
2.2360680103302
4.0
2.0
2.0
2.0
37.60538101196289
37.0
32.987117767333984
38.25986862182617
40.034976959228516
45.0
44.00227355957031
41.42142105102539
40.0
34.0
34.0
35.93671798706055
39.81205749511719
40.002498626708984
36.121315002441406
37.18733215332031
29.06113624572754
25.0
30.010831832885742
24.0
18.0
16.798601150512695
17.0
19.0
9.848857879638672
29.767391204833984
20.741064071655273
16.0
2.2360680103302
1.4142135381698608
9.0
26.467870712280273
15.138921737670898
0.0
